function dB = RHSGrowth(~,B)
%p(4)=500 and S_0 free:
p=[2.272191755, 20.18101854, 88.86104806, 645.4943851, 0.0001032307354, 1.227760147, 0.000008640952687, 0.0330361913, 27.62980609, 4.581764827];

%when p(4)= 500 and S_0=0.1 and not free:
%p=[16.3928388, 10.90147579, 98.17771689, 996.3713526, 0.001601133479, 13.56395564, 0.00001327245062, 76.4201704, 31.57670342, 4.509936859];

%p(1)=.517; %m
D = 0*.1/50; 
%S0 = .1; 
%Y = 10000000; 
%p(9)= 0.2; %ka
%p(7)=.0015; %k_sp: S to P,
%p(8)= .09;  %k_ps: P to S,
%p(2) = .1; %k_st: S to T,
%p(3)= .01; %k_pt: P to T, 
%p(4)= .1; %k_ts: T to S,
%p(5) = .6; %k_tp: T to P,
%p(10)=kd = 0;  %kd: death,
%p(6)=.07; %Y
dB = zeros(4,1);
dB(1) = ((1-0*p(10))*((p(1)*B(4))/p(9)+B(4)))*B(1)-p(2)*(1-(p(1)*B(4)/(p(9)+B(4))))*B(1)-p(7)*B(1)+p(8)*B(3)+p(4)*((p(1)*B(4))/(p(9)+B(4)))*B(2);
dB(2) = p(2)*(1-(p(1)*B(4)/(p(9)+B(4))))*B(1)+p(3)*B(3)-p(5)*B(2)-p(4)*((p(1)*B(4))/(p(9)+B(4)))*B(2);
dB(3) = -(p(8)+D+p(3))*B(3)+p(7)*B(1)+p(5)*B(2);
dB(4) = -(((p(1)/p(6))*B(4))/(p(9)+B(4)))*B(1);
end
